1559747624 3
1559914507 74
1559914721 586811
1559916407 586823
1559982662 586823
1559987081 586823
1560199526 586880
1560291987 586952
1560368056 587001
1560426135 587015
1560427900 2864884
1560428218 588046
1560434021 588093
1560444696 2560946
1560448597 2560949
1560449054 2560946
1560685089 2561007
1560685314 2602116
1560685985 2561021
1560686791 2561021
1560687732 2561033
1560688082 2561036
1560696139 2561036
1561999174 2561039
1561999872 2561039
1562000121 2561039
1562000498 2573111
1562001204 2573114
1562004438 2573111
1562004472 3326560
1562005169 3326560
1562005368 3326560
1562005780 3326560
1562045092 3326560
1562047303 3326566
1562075630 3326566
1562149580 3326669
1562155897 3326666
1562156475 3326673
1562156646 3326675
1562162142 3326675
